sjiang-se-se-fa-dou,76
wang-zi-yang-61-59,26
