user_name,follower_num,last_update,agree_num,thanks_num,collect_num,public_edit_num,following_num,url
希声,2948,赞同了回答9 小时前,20575,2334,11282,164,481,https://www.zhihu.com/people/si-ma-fei-ma-69/activities
