user_name,follower_num,last_update,agree_num,thanks_num,collect_num,public_edit_num,following_num,url
杜小兔toy,96,赞同了回答7 个月前,136,72,18,15,60,https://www.zhihu.com/people/toy32241/activities
