yan-hao-74,41027
yisong,21639
yu-jun,59585
cao-zheng,202426
chenqin,510502
pb612,99652
lazyseq,21516
yiqin-fu,72593
guoxiansia,3812
wei-zhi-cheng,1895
lycheeorange,83937
yibodai,483
yuyangjiang,3036
lukehou,4475
zhengziyang,144790
zhao-jing-23-59,85
mazk,35493
cicada,8359
laufei,149127
huangyoucan,32807
tomyiyun,1101
lixinliu,3727
lemup,50445
tinaliutong,29180
iamsujie,35568
wenzhe-li,10061
scarlettwei,126281
fenng,338188
boxun,380568
zhongjiewu,5720
ponyma,80668
allenzhang,71910
ji-yi-chao,19156
sharkui,25578
yangbo,131393
keso,330041
baiya,168305
TigerQie,29232
tan-tan-92,117
rosicky311,178485
de-chuan-mi-mi,110222
Tia_chan,5859
rethink,134662
xia-xiao-kai,1832
feng-dong,168442
zhengjintiao,70638
hynuza,80551
FantasticCathy,209214
mali,430662
raymond-wang,589892
cmf2015,124763
patrickluo,334944
tristanchen,70032
zhouyuan,928443
imike,845391
RainKa,56311
shenlouchengzhixia,106036
catchen,247375
dongdongqiang,207071
