liu-jing-yun,14
gghym,4156
yybsyybs,305
weblog,90
XJG88,12
zhouyuan,929000
liu-bin-84,27
xu-xiao-xue,125
nan-qi,1245
mileijun,242255
chengl,7729
happuway,51
wu-rui-jie,50
xiaoleman,8
semvai,39
itshanyu,12
fu-sheng,15079
zhou-hong-yi,89841
ponyma,91679
cai-wen-sheng,87790
ishuangyanpi,14
pirateking,9
wangping,1941
lusongsong,140
tianjianniulang,14
mypan,64
sheyu,8
jasonbo,9
zac,2088
song-xing,8293
williamlong,23966
feir,280
fei-xiao-mi,230
sunbo,1013
robinliu,3071
tianqi,101
qiusong,73
san-pi,7439
scott,792
suoten,45
