guo-ye-66-97,5834
robmao,1452
lan-hu-bi-ji,788
yisong,21638
ediart,10010
sha-mu-ling,58
qu-kuai-lu-dong-blockbeats,15936
ai-ya-yin-le,8955
ling-qian-xia,174
dou-wei-52-22,122116
wang-bu-er-96,4828
zhu-johnny-66,23559
wangxiaofeng,319246
imike,845386
wu-di-xi-xi,210
yi-fan-44-19-39,23819
fang-yu-xiang-11,226
xiang-shu-oak,643
kan-dian-ying-14,41668
shallwego,16742
