xuan-miao-42-96,1067
LBQYJS,28101
liu-lao-da-8-55-25,1
ping-guo-26-61,2
xin-tai-ye,1588
fashitusi,157
xuexuej,1
bingo-liu-66,82131
wu-tian-yuan-52,3
wang-mian-zhi-70,372
wlfzxq,1333
zhang-da-da-9-14,13
alexies-li,859
jun-bu-jian-qing-66,7411
ojufff,126206
cang-shu-5-47,10902
chen-bo-yu-7-70,110
piggywxy,2054
yongjiuyongjiu,18
thinkraft,65289
sirforest,10267
ruki-45,85224
xiao-wan-zi-29-26,56
SONG-OF-SIREN,42360
xiazhangli,1713
gu-zi-ming-57,27655
zhang-lin-lin-7,3543
patchouli-exarch,23447
mao-rui-shi-dai-mtime,975
Darkcode,8203
che-zhou-cao,484
xi-xi-56-81-26,207
zhang-yi-50-3,28630
zhi-shi-fen-zi-2015,63532
shan-63,5686
lin-lin-63-77-40,43
excited-vczh,766627
elviragaoyao,64
zhou-a-yi-85,30829
swim-coach,4699
liu-chuan-feng-75,48
wang-fei-xin-18,193
natechi,122873
li-ai-lan-66,31339
lu-tian-shu,4318
yin-chen-chen-15-89,240
a-la-die,11
mi-ao-24-90,63
Danielinsea,32
yi-jia-36,7396
zhu-zhu-he-ni-ni,5
diao-zhi-ya,22
hoodnight,574
wang-hu-60-76,319
wu-ya-qi-75,15
chen-wei-55-83,24
jy-zizzo,8
1113-20,6
zenmindlei,76
junyi-wang-22,952
yin-ming-55,62
liao-yiwa,40
genrexxx-17,122
DLLSPOISON,24
SidonLokiAslan,23
kaiserwangsitu,301551
jimmy-zhou,120
hu-yao-9,4765
qiu-bao-38,3
ann-zhang-50,23
pi-nuo-xi,755
kerlomz,1
wesley-1,29
ma-zi-jiang-53,42
su-jin-60-57,84
liu-zhe-bi-ti,167
chen-yuan-29-87-39,52
zhao-peng-wang,361
xu-xiao-zhi-59,5
wu-xian-35-90,32
chenshaotang,148
wang-heng-64-25,44711
ren-tian-ya,37667
chu-yang-51-32,212264
su-xiao-bai-57-27,10
