talkforeasy,23259
zhouzhao,174720
mu-ke-wang-14,39530
zhang-shen-you-32,3
wwlxl,27108
ni-ming-92-27,37
backend-develop,2220
zhang-tian-hu,180
meng-wu-wei-24,146
s.invalid,25821
wang-jie-cong-59,86
long-ya-57-84,237466
qiancai_saidong,62253
ben-ben-26-86-34,4454
pei-xin-yuan-82,1602
wang-rui-en,287882
netwarm007,8189
xiao-ming-53-68-14,11322
notosport,17266
a-li-yun-da-xue,7826
sailei2015,75452
mei-shi-gan-yan-jiu-yuan-51,88840
wang-tao-tao-91-97,74293
you-yan-she-47,134242
erkeheiquan,37883
linuxzhong-guo,45221
fei-zong-55,4365
tan-zheng-ying,64778
frombeijingwithlove,15654
a-li-yun-yun-qi-she-qu-48,94299
ershouchezishi,69493
lin-er-51,37576
qimizi,172
zhou-ding-33,9742
shui-lan-feng-xin-zi,407
qiao-ying-2-32,5228
maozixiansheng,34053
int32bit,2444
geng-shao,1828
sun-lin-qi,509
qiu-xie-hai-tang,11916
wang-jiang-yuan-39,7890
mikewolfwoo,52284
kennethtse,45191
tchen,21086
li-bu-zhi-83,643
tiao-shi-lao-si-ji,8449
wu-wei-shi-guo,6921
jiu-gong-ge-17,162
jane-lee-55,468
atrax,7111
shen-ting-xue,43574
li-zhuo-shen,555
wu-qing-yuan-41-96,200522
li-wei-bo-86,4709
zhao95,3378
necromanov,27912
he-shi-jun,46574
wonglei,11968
jim-jin-91,10312
giantchen,58241
feng-yu-yao,14179
be5invis,55151
luikore,5493
wuye9036,47904
ran-quan,3068
jjmoe,116470
flily,108647
gashero,42451
rainoftime,11568
bei-ji-85,27815
ze.ran,316228
feng-dong,168458
jianru-lin,20183
tim-chen-21,30939
Ivony,75337
skywind3000,49696
zhang-ming-yun-88,21556
chen-fu-zhou,61173
lan-se-52-30,66204
Metaphox,206496
yao-dong-27,104953
miloyip,187713
cpcliusi,91462
li-li-79-8-55,10589
jiangxiaozhang,188023
zhang-zan-72,199
lizza-80,161
li-yilong-35,760
toughbro,8971
elysion-forget,65450
liu-liu-28-54-73,2526
chang-kai-shen-32,161352
rednaxelafx,122824
zuo-po-chun,139
zhou-mu-bai-47,305
bi-de-yuan-li,6289
collegedaily,30811
arashlabaf,1474
santi-pan,4074
sha-sheng-wan-94-99,6548
waynel-51,3006
xiao-wen-wen-27-36,2258
chivn,40769
junlin_1980,243328
peng-fei-29,3279
stephenkung,16209
louis-lu-70,534
yolfilm,800095
yan-ling-66,10895
xylitogum,9140
luo-yong-hao,113786
kanedu-zuo-qia-ni,12165
kang-yu-ying,8053
alexya,117572
zhang-jun-qi-31,14594
byudan,858
dandanjie,74768
minmin.gong,138712
mifeasc,3479
shi-yidian-ban-98,100635
qian-nan-you-42,7768
shan-yang-yue,176606
sheng-xun-69,506
quan-jin-shu-pi-jia,52
wobushiduanyu,1497
imwulv,2016
wuweilxl,52470
mo-wang-88-58,9199
chang-qing-teng-74,613
tttq,779
zhao-xin-888,1202
vegecircle,5022
chen-liang-16-75,1088
beihaizhang,5483
bb-ss-50,129
zhu-xuan-86,740800
yifanwu,5505
huang-shu-xiang,25
Davidimok,13610
tomasvon,1597
ma-qian-zu,456657
bo-cai-28-7,435231
zhao-hao-yang-1991,109027
saladin,1563
david-rand,231524
junyu,156947
flypig,82066
linwei,4632
kaifulee,1062204
zhou-hong-yi,89862
billhan,113928
wangxiaofeng,319285
ccat,411569
panxin,148761
kant,72723
roy-li,99721
keso,331121
