zao-an-mian-bao-dian,11460
WiHunt,4555
lan-hua-zhi-ge-ge,1832
Yefeng7,19645
jin-wei-rong,26172
chen-shu-sheng-89,6092
wuhandi,102515
ru-gu-shi-yan-shi,3042
duan-mu-si-64-12,4286
fu-wei-chao-85,26
shi-yao-18-46,15961
hu-zhi-zhi-71,10
diaodiaozhua,13294
ye-zi-81-28-54,6415
lkh2015,50617
splitter,202190
sherry-75-78,3493
guo-zi-li-da-ren,133
bu-gao-su-ni-bu-gao-su-ni-23,28
ming-gong-zhi-zhi,8885
taojuntongxue,3293
zuo-xiao-xian,12989
kao-shou-de-mo-gu,20996
wang-yi-ren-jian-32,73469
wu-zhi-bin-10,29542
chen-bin-99-5-4,231580
wan-jin-you-39,200802
si-si-ma-ma-79,6158
liu-yi-jie-84,85534
tian-tian-72-27,19652
zhang-ze-liang-68,11438
chi-mian-bao-de-mao-2,7076
xie-sheng-85,162
xubowen,81664
li-da-ben-shi-78,10219
ri-yao-shuo,144103
xu-jia-xin-3,56944
wang-ming-47-48,30394
xing-hua-chun-yu-58,23810
3rduncleliu,22506
ling-hu-xiao-qiang-74,20755
sizhuren,738787
garydens,4702
zhang-jun-bao-xiao-di-di-52,1345
shan-yang-yue,176477
qian-qian-10-93,47542
di-ai-si-88,158
aoddess,18904
fromprofessorcrab,14887
chen-xi-xi-48,9025
huajits,3826
zhao-zhong-yuan-41,19
fquncle1,27572
keep-13-17,181610
chang-kai-shen-32,161260
te-lan-ke-si-de-jian,935
duxingzhou,17444
wan-xiong-a-xiong,137476
gao-ke-69,597024
zhong-he-jiao-yu-20,864
hou-da-si-kao-80,8287
wang-yi-shu-du,23959
knowyourself-1,793517
AaronMan007,2366
xingrima,41834
wang-yi-lang-chao-gong-zuo-shi,56946
vincross,5663
zhou-tian-ze-22,27
tu-xiao-lan,3202
shen-xia-bing,24495
luckystar,140756
fu-tian-yu-98,9017
san-xin-qing-nian,8331
wang-yi-hui-sheng,19264
buzhimao,4922
dongtaosheng,44899
hejupai,86771
weichang2016,488
chai-sang-80,36501
liu-alex-98,2333
dai-jian-song,49396
xlotte,94990
du-du-du-95,143454
yang-ze-xi,5271
gushi-hou,181
xu-jie-82-92,7311
burun,102137
wan-men-da-xue-37,54360
lfyluofeiyu,30634
jennywang-94,112959
chen-cheng-20-68-13,956
5qing6fenpi,26181
lou-qi-shi-qi,5867
pi-pi-45-43-31,1101
juan-32,83900
python-kai-fa-zhe,19537
gao-tai-ye,268434
zhu-hao-98-28,2299
shui-dan-dan,1854
CaptainK2,22166
jack-qi-75,14693
rd-ne,134426
mount_cristo,76281
mrhuanet,83326
lu-ray-85,142
moco-56,5704
si-jin-411,34751
ren-zha-xiao-xi-feng,42925
wu-a-92-66,647
Arunchuanzhang,39402
libin001,31912
banfoxianren,166159
ji-feng-fei-ying,83317
li-xu-ran-94,149987
li-xi-xi-99-33,1985
Taube,34553
sang-cheng-yi,1763
yuan-jing-82-81,134810
qi-e-fu-dao,18573
terry-tam,6223
si-yu-jie-25,58
sikaozhe369,2365
chang-chang-76-56,12270
izht,458
dai-fei-mi,334
xi-wen-98,226
nutrition-dog,3033
feifeimao,501070
www.ashilvxing.com,929
tracy-chen-40,1434
miaomiaomaiomiaomiao,4827
shansengsaoyu,133898
zhang-hui-hui-79,457
liu-ze-feng-76,2451
zhangyingfeng,121822
wang-mu-mu-95-51,6273
deng-tu-zi-6-98,6472
hu-kai-21-69,11957
shen-yue-64,3270
shi-liu-65-41,1363
mei-zhe-ren-67,638
bsdr,1901
mrsk,10087
li-gou-dan-3-30,1265
cai-xiao-fan-3,133
anne-29,5551
wang-wan-78-48,46455
qu-ni-gou-ming-25,75
you-yang-59,530
feminism,22313
leng-zhe,290680
cai-niao-zhu-shou,633
Penetralia,1557
yangliu-117,23363
ling-chen-xiao,351
ze-ge-22,625
imoe,832
fu-fa-99-12,587
xiong-qiu-yue,31274
andysong-67,6826
554515454,119
gou-gou-ge-ge-2,5265
asukaid,854
wang-zhi-yong-40,18800
truman-yang--51-9,3802
warfalcon,654664
li-a-yi-71-33,12
ding-xiang-yi-sheng,1503000
F_falcon,70335
zhang-yu-jia-93-70,5201
yan-ling-66,10894
octavianlee,891
gu-fa-er,1597
lin-xiao-ning,17146
guo-liu-bai,5157
meng-de-er,278926
serena-locke,21735
yang-shu-man-79,2263
liu-peng-cheng-sai-l,218954
wo-shi-ge-wu-zhi-zhe,3284
