ou-gu-liang-liang-ban-ou,4946
limai316,40
li-li-li-li-48-29,27
ben-duo-min-xing,2183
mooseOS,10825
chen-zi-hao-18,13518
meng-de-er,279177
kingkong-kong,6
you-xing-15,398
swordonly,123
yeguining,12742
huang-shu-70-40,6075
mo-mi-momself,23635
yang-yy-34-22,100
leeleng-chu-pian-jia,571
da-yan-xie-lin-she,1429
douyanjia,3182
liu-bei-60-10,1079
guoyulei,162
gao-leng-yi-90,135
