orangevonshunyi,364
kamikazrelife,68
zhijiangchuan,7551
adolfgao,27
wangwei760720,6224
undefined-29-48,395
Dream_Riser,12970
liang-meng-meng-99,3
lan-guo-zi,4017
yu-xiang-48-88,4243
wang-smeeth,247
wwbhum,4475
lonelyeel,78207
origami-boom,3574
tang-tang-zhong-zheng-huan-zhe,472
yuan-lei-64,22679
cha-li-wu-shi,233
cao-feng-ze-37,92344
jyo-gan,26529
liu-yu-meng-9,41
scarlett-76-51,60
meng-de-er,279202
tu-xiao-hao-47,473
dowoty-meow,163
qiu-yuan-ming-51,754
pangxiaoadfs,2456
cao-zhe-51,25023
yang-leonier,7732
pan-ling-xiao-44,159
yukikazepoi,112
ji-ya-24-21,1085
lu-xiao-yao-65-61,10
zhou-kyle,3881
kannzaki_minemasa,5456
kukmoon1,1318
hasegawayamato,105
ReiK,7881
li-yao-tong,7842
ba-la-lai-qia-yang,117
zuo-cang-ayane,3921
